3.81836e+06
3.81836e+06
1.74948e+06
1.74948e+06
1.74948e+06
1.74948e+06
1.74948e+06
1.74948e+06
1.74948e+06
1.74948e+06
1.74948e+06
1.74948e+06
1.34271e+06
1.34271e+06
1.34271e+06
1.34271e+06
1.34271e+06
1.34271e+06
1.34271e+06
1.34271e+06
723741
652372
652372
652372
652372
652372
652372
652372
652372
652372
574515
574515
574515
568750
502667
502667
502667
502667
502667
502667
502667
502667
502667
502667
502667
502667
502667
502667
502667
502667
502667
502667
502667
502667
502667
502667
502667
502667
502667
502667
502667
502667
502667
502667
502667
502667
502667
502667
502667
502667
502667
502667
502667
502667
502667
502667
502667
502667
502667
502667
502667
502667
502667
502667
502667
502667
502667
502667
502667
502667
502667
502667
502667
502667
502667
502667
502667
502667
502667
502667
502667
