1342.07
865.574
662.569
580.008
521.578
463.442
420.705
377.205
343.526
327.74
315.9
292.186
266.009
257
247.674
236.612
225.836
216.971
210.695
200.777
189.637
173.384
160.535
153.373
148.064
144.125
140.19
136.642
134.078
131.332
126.946
123.46
118.818
113.401
109.675
106.777
103.62
100.586
98.4483
95.9794
93.871
92.2591
89.7877
87.7641
85.9124
84.2644
82.1918
80.0354
77.8873
76.4466
74.966
73.6134
72.4771
71.1847
69.9149
68.9319
67.8821
66.7313
65.6532
64.7108
63.8017
62.872
62.0077
61.2917
60.4326
59.6608
58.9069
58.0526
57.3692
56.7441
56.1505
55.5189
54.9604
54.1927
53.5814
53.0465
52.5725
52.1091
51.5627
51.0758
50.4176
49.8761
49.4173
48.9684
48.5082
48.0379
47.6331
47.2394
46.785
46.2967
45.7946
45.247
44.8113
44.3863
44.0248
43.6896
43.3498
43.0875
42.7238
42.4308
42.0522
