3.81836e+06
3.81836e+06
1.74948e+06
1.74948e+06
1.74948e+06
1.74948e+06
1.74948e+06
1.74948e+06
1.74948e+06
1.74948e+06
1.74948e+06
1.74948e+06
652380
652380
652380
652380
652380
652380
652380
652372
536552
536550
371151
241622
241622
241622
241622
241622
159278
159278
159278
159278
159278
159278
159278
159278
159278
159278
159278
159278
159278
66025.5
66025.5
66025.5
66025.5
66025.5
62291.1
62291.1
62291.1
62291.1
24459.9
24459.9
24459.9
24459.9
24459.9
24459.9
24459.9
24459.9
24459.9
24459.9
24459.9
24459.9
24459.9
24459.9
24459.9
24459.9
24459.9
24459.9
24459.9
24459.9
24459.9
24459.9
24459.9
24459.9
24459.9
24459.9
24459.9
24459.9
24459.9
24459.9
24459.9
24459.9
24459.9
24459.9
24459.9
24459.9
24459.9
24459.9
24459.9
24459.9
24459.9
24459.9
24459.9
24459.9
24459.9
24459.9
24459.9
24459.9
24459.9
24459.9
24459.9
