1342.07
876.577
677.55
587.087
509.88
448.694
405.031
367.811
334.529
317.128
305.18
286.174
257.043
245.755
234.637
225.535
218.897
212.053
204.3
188.416
170.968
159.244
144.626
136.249
131.718
128.234
124.458
120.902
114.079
110.261
107.617
105.166
102.745
100.938
98.7148
96.7761
94.6961
92.2569
90.1023
87.7499
85.9427
83.1726
81.0395
78.801
76.9126
74.4811
71.9819
70.07
68.0159
65.7727
63.85
62.4676
61.2305
60.1728
59.3048
58.4475
57.584
56.7149
55.9215
55.242
54.5632
53.8199
53.0933
52.4555
51.6996
50.9999
50.4266
49.6961
49.1311
48.6143
48.1272
47.5388
46.9388
46.457
45.954
45.468
45.0564
44.6905
44.3293
43.9641
43.6652
43.3475
43.0899
42.8131
42.4926
42.1696
41.8021
41.3435
41.0198
40.7189
40.4533
40.2183
39.9467
39.6772
39.411
39.1888
38.8687
38.6093
38.2451
37.9348
37.6855
