3.81836e+06
3.81836e+06
1.74948e+06
1.74948e+06
1.74948e+06
1.74948e+06
1.74948e+06
1.74948e+06
1.74948e+06
1.74948e+06
1.74948e+06
1.74948e+06
1.34271e+06
1.34271e+06
1.34271e+06
1.34271e+06
1.34271e+06
1.34271e+06
1.34271e+06
1.34271e+06
1.34271e+06
1.34271e+06
1.34271e+06
1.3427e+06
1.3427e+06
1.3427e+06
1.3427e+06
1.3427e+06
1.3427e+06
1.3427e+06
943966
62291.1
62291.1
62291.1
62291.1
62291.1
62291.1
62291.1
62291.1
62291.1
62291.1
62291.1
62291.1
62291.1
62291.1
62291.1
62291.1
62291.1
62291.1
62291.1
62291.1
62291.1
62291.1
48376.7
48376.7
48376.7
48376.7
18666
18666
18666
18666
18666
18666
18666
18666
18666
18666
18666
18666
18666
18666
18666
18666
18666
18666
18666
18666
18666
18666
18666
18666
18666
18666
18666
18666
18666
18666
18666
18666
18666
18666
18666
18666
18666
18666
18666
18666
18666
18666
18666
18666
