1342.07
851.222
641.313
557.69
494.493
441.789
400.372
360.677
334.258
319.431
308.04
284.698
258.095
250.422
242.376
234.361
226.559
220.4
214.707
204.962
197.495
189.478
179.711
166.594
155.096
144.562
139.989
135.497
129.53
123.72
118.415
106.632
104.515
102.356
100.23
98.3758
96.2772
94.4675
92.6526
90.4469
88.4141
86.3509
84.5811
82.5502
80.9709
79.3445
78.0445
76.1967
74.5254
72.7858
71.0081
68.9427
66.5699
64.6413
63.261
62.0818
60.9015
59.3404
58.2801
57.4925
56.6162
55.8457
54.9384
54.0566
53.1887
52.3724
51.6554
51.0542
50.499
49.928
49.3877
48.8658
48.3538
47.8714
47.3376
46.831
46.3663
45.8026
45.305
44.8294
44.3817
43.9619
43.5618
43.086
42.6098
42.138
41.7244
41.3444
40.8959
40.4827
40.1279
39.7775
39.4437
39.0387
38.7024
38.234
37.9228
37.5727
37.2621
36.9644
36.5895
